target,rep,fraction,boost,budget,method,status,solver_gap,selected,hits,fdp,blocks,seconds,score_cap1_sanity_hits
CHEMBL222,0,0.2,4.0,50,opdiv_tanimoto0.7,optimal,1.8867718498682962e-10,50,43,0.14,21,0.06479547102935612,45
CHEMBL222,0,0.2,6.0,50,opdiv_tanimoto0.7,optimal,2.1158863550141405e-10,50,37,0.26,19,0.06089807511307299,45
CHEMBL222,0,0.3,4.0,50,opdiv_tanimoto0.7,optimal,2.1024104679412403e-10,50,43,0.14,21,0.05699721397832036,44
CHEMBL222,0,0.3,6.0,50,opdiv_tanimoto0.7,optimal,2.3134849591599504e-10,50,35,0.3,19,0.05155487987212837,43
CHEMBL222,1,0.2,4.0,50,opdiv_tanimoto0.7,optimal,2.231840268152041e-10,50,44,0.12,21,0.05543485004454851,45
CHEMBL222,1,0.2,6.0,50,opdiv_tanimoto0.7,optimal,2.395090792361998e-10,50,32,0.36,18,0.050125114154070616,45
CHEMBL222,1,0.3,4.0,50,opdiv_tanimoto0.7,optimal,2.1860224741487855e-10,50,47,0.06,21,0.05597526393830776,45
CHEMBL222,1,0.3,6.0,50,opdiv_tanimoto0.7,optimal,2.30522267941069e-10,50,35,0.3,18,0.06066930410452187,43
CHEMBL222,2,0.2,4.0,50,opdiv_tanimoto0.7,optimal,2.1750634626727106e-10,50,44,0.12,21,0.06085303798317909,45
CHEMBL222,2,0.2,6.0,50,opdiv_tanimoto0.7,optimal,2.329459958261282e-10,50,36,0.28,19,0.05308635695837438,45
CHEMBL222,2,0.3,4.0,50,opdiv_tanimoto0.7,optimal,2.08009387492325e-10,50,41,0.18,21,0.06322194100357592,44
CHEMBL222,2,0.3,6.0,50,opdiv_tanimoto0.7,optimal,2.3420487771375065e-10,50,34,0.32,19,0.0613182398956269,43
CHEMBL222,3,0.2,4.0,50,opdiv_tanimoto0.7,optimal,2.141430366364716e-10,50,47,0.06,20,0.05577952298335731,46
CHEMBL222,3,0.2,6.0,50,opdiv_tanimoto0.7,optimal,1.9733281675371472e-10,50,40,0.2,20,0.06194662395864725,45
CHEMBL222,3,0.3,4.0,50,opdiv_tanimoto0.7,optimal,1.961448781173658e-10,50,44,0.12,22,0.0628765569999814,45
CHEMBL222,3,0.3,6.0,50,opdiv_tanimoto0.7,optimal,2.0959467494918727e-10,50,38,0.24,20,0.06184605392627418,43
CHEMBL222,4,0.2,4.0,50,opdiv_tanimoto0.7,optimal,2.2291712920008422e-10,50,45,0.1,22,0.05365798994898796,45
CHEMBL222,4,0.2,6.0,50,opdiv_tanimoto0.7,optimal,2.7470026253695323e-10,50,36,0.28,19,0.06149099813774228,45
CHEMBL222,4,0.3,4.0,50,opdiv_tanimoto0.7,optimal,2.2799739873846647e-10,50,44,0.12,22,0.052444253815338016,46
CHEMBL222,4,0.3,6.0,50,opdiv_tanimoto0.7,optimal,2.339556326447223e-10,50,36,0.28,19,0.05429916293360293,44
CHEMBL222,5,0.2,4.0,50,opdiv_tanimoto0.7,optimal,2.151900879709956e-10,50,46,0.08,22,0.05668856599368155,45
CHEMBL222,5,0.2,6.0,50,opdiv_tanimoto0.7,optimal,2.266479226520346e-10,50,42,0.16,21,0.05844870302826166,45
CHEMBL222,5,0.3,4.0,50,opdiv_tanimoto0.7,optimal,2.3710688967781834e-10,50,42,0.16,21,0.058206102810800076,44
CHEMBL222,5,0.3,6.0,50,opdiv_tanimoto0.7,optimal,2.2360502338614197e-10,50,33,0.34,19,0.05246914178133011,43
CHEMBL222,6,0.2,4.0,50,opdiv_tanimoto0.7,optimal,2.1992474508181203e-10,50,46,0.08,21,0.054536435985937715,47
CHEMBL222,6,0.2,6.0,50,opdiv_tanimoto0.7,optimal,2.7828495063886294e-10,50,42,0.16,20,0.06045246380381286,45
CHEMBL222,6,0.3,4.0,50,opdiv_tanimoto0.7,optimal,2.15960471727783e-10,50,43,0.14,22,0.06643292703665793,44
CHEMBL222,6,0.3,6.0,50,opdiv_tanimoto0.7,optimal,2.392979148169161e-10,50,34,0.32,20,0.059766994090750813,44
CHEMBL222,7,0.2,4.0,50,opdiv_tanimoto0.7,optimal,2.2871149418790537e-10,50,42,0.16,21,0.05991960200481117,45
CHEMBL222,7,0.2,6.0,50,opdiv_tanimoto0.7,optimal,2.383124808602588e-10,50,35,0.3,18,0.061148479115217924,45
CHEMBL222,7,0.3,4.0,50,opdiv_tanimoto0.7,optimal,2.2714619074548636e-10,50,44,0.12,22,0.05789737403392792,45
CHEMBL222,7,0.3,6.0,50,opdiv_tanimoto0.7,optimal,2.257688480611364e-10,50,34,0.32,19,0.05939510092139244,44
CHEMBL222,8,0.2,4.0,50,opdiv_tanimoto0.7,optimal,2.186080205746066e-10,50,46,0.08,22,0.06154601089656353,47
CHEMBL222,8,0.2,6.0,50,opdiv_tanimoto0.7,optimal,2.2935497945297811e-10,50,39,0.22,20,0.05610456899739802,46
CHEMBL222,8,0.3,4.0,50,opdiv_tanimoto0.7,optimal,2.2764834461952432e-10,50,41,0.18,20,0.062195176957175136,44
CHEMBL222,8,0.3,6.0,50,opdiv_tanimoto0.7,optimal,2.409047406004561e-10,50,30,0.4,19,0.051829021191224456,43
CHEMBL222,9,0.2,4.0,50,opdiv_tanimoto0.7,optimal,2.2142754296794465e-10,50,44,0.12,21,0.05838156514801085,46
CHEMBL222,9,0.2,6.0,50,opdiv_tanimoto0.7,optimal,2.3098822854450418e-10,50,37,0.26,18,0.05895181302912533,45
CHEMBL222,9,0.3,4.0,50,opdiv_tanimoto0.7,optimal,2.485209815716871e-10,50,41,0.18,21,0.059322664979845285,44
CHEMBL222,9,0.3,6.0,50,opdiv_tanimoto0.7,optimal,2.2909218966304934e-10,50,32,0.36,19,0.0594154829159379,43
CHEMBL225,0,0.2,4.0,50,opdiv_tanimoto0.7,optimal,2.2255797205161798e-10,50,37,0.26,24,0.03256523888558149,40
CHEMBL225,0,0.2,6.0,50,opdiv_tanimoto0.7,optimal,1.9464507783339968e-10,50,37,0.26,24,0.02800191310234368,40
CHEMBL225,0,0.3,4.0,50,opdiv_tanimoto0.7,optimal,1.9905732617786498e-10,50,29,0.42,23,0.028914790134876966,39
CHEMBL225,0,0.3,6.0,50,opdiv_tanimoto0.7,optimal,1.989580722394635e-10,50,29,0.42,23,0.025597788160666823,39
CHEMBL225,1,0.2,4.0,50,opdiv_tanimoto0.7,optimal,2.037988666714341e-10,50,39,0.22,26,0.029572058003395796,41
CHEMBL225,1,0.2,6.0,50,opdiv_tanimoto0.7,optimal,2.0353208007861667e-10,50,39,0.22,26,0.03114775102585554,41
CHEMBL225,1,0.3,4.0,50,opdiv_tanimoto0.7,optimal,1.9392276673357856e-10,50,31,0.38,25,0.030146291945129633,39
CHEMBL225,1,0.3,6.0,50,opdiv_tanimoto0.7,optimal,2.0222401531100331e-10,50,31,0.38,25,0.025746368104591966,39
CHEMBL225,2,0.2,4.0,50,opdiv_tanimoto0.7,optimal,1.924067571934529e-10,50,39,0.22,26,0.028805158101022243,41
CHEMBL225,2,0.2,6.0,50,opdiv_tanimoto0.7,optimal,1.9426849018344683e-10,50,39,0.22,26,0.028522456996142864,41
CHEMBL225,2,0.3,4.0,50,opdiv_tanimoto0.7,optimal,2.0616375273618814e-10,50,31,0.38,25,0.02950261509977281,39
CHEMBL225,2,0.3,6.0,50,opdiv_tanimoto0.7,optimal,2.016086186884536e-10,50,31,0.38,25,0.025639889994636178,39
CHEMBL225,3,0.2,4.0,50,opdiv_tanimoto0.7,optimal,2.2716439840309022e-10,50,32,0.36,22,0.02832652605138719,40
CHEMBL225,3,0.2,6.0,50,opdiv_tanimoto0.7,optimal,2.0827706226356213e-10,50,32,0.36,22,0.027157407021149993,40
CHEMBL225,3,0.3,4.0,50,opdiv_tanimoto0.7,optimal,2.0368084996391644e-10,50,36,0.28,26,0.02924386109225452,38
CHEMBL225,3,0.3,6.0,50,opdiv_tanimoto0.7,optimal,2.2913293484805308e-10,50,36,0.28,26,0.028096113121137023,38
CHEMBL225,4,0.2,4.0,50,opdiv_tanimoto0.7,optimal,2.0950252643814338e-10,50,35,0.3,23,0.02771614887751639,41
CHEMBL225,4,0.2,6.0,50,opdiv_tanimoto0.7,optimal,2.683792077462499e-10,50,35,0.3,23,0.0279891740065068,41
CHEMBL225,4,0.3,4.0,50,opdiv_tanimoto0.7,optimal,2.0371360154314289e-10,50,31,0.38,24,0.028603507205843925,39
CHEMBL225,4,0.3,6.0,50,opdiv_tanimoto0.7,optimal,2.0417301183073278e-10,50,31,0.38,24,0.027440517907962203,39
CHEMBL225,5,0.2,4.0,50,opdiv_tanimoto0.7,optimal,2.2933877019681859e-10,50,32,0.36,23,0.028317052172496915,40
CHEMBL225,5,0.2,6.0,50,opdiv_tanimoto0.7,optimal,1.9942625328894792e-10,50,32,0.36,23,0.02708023297600448,40
CHEMBL225,5,0.3,4.0,50,opdiv_tanimoto0.7,optimal,2.0104862219483266e-10,50,32,0.36,25,0.03132068901322782,38
CHEMBL225,5,0.3,6.0,50,opdiv_tanimoto0.7,optimal,2.1614388057145106e-10,50,31,0.38,24,0.02666859980672598,38
CHEMBL225,6,0.2,4.0,50,opdiv_tanimoto0.7,optimal,2.1580282005828622e-10,50,40,0.2,25,0.03085755999200046,40
CHEMBL225,6,0.2,6.0,50,opdiv_tanimoto0.7,optimal,2.0030077596544515e-10,50,40,0.2,25,0.02906832890585065,40
CHEMBL225,6,0.3,4.0,50,opdiv_tanimoto0.7,optimal,2.081438355006071e-10,50,29,0.42,23,0.02974923187866807,39
CHEMBL225,6,0.3,6.0,50,opdiv_tanimoto0.7,optimal,2.0529955513381992e-10,50,29,0.42,23,0.02710829395800829,39
CHEMBL225,7,0.2,4.0,50,opdiv_tanimoto0.7,optimal,2.087469086475835e-10,50,39,0.22,26,0.032284270972013474,40
CHEMBL225,7,0.2,6.0,50,opdiv_tanimoto0.7,optimal,1.7852330724821286e-10,50,39,0.22,26,0.0306404170114547,40
CHEMBL225,7,0.3,4.0,50,opdiv_tanimoto0.7,optimal,2.0943857759192497e-10,50,31,0.38,24,0.033062239177525043,38
CHEMBL225,7,0.3,6.0,50,opdiv_tanimoto0.7,optimal,2.0915869036741697e-10,50,30,0.4,23,0.030223326990380883,38
CHEMBL225,8,0.2,4.0,50,opdiv_tanimoto0.7,optimal,2.1049029186315238e-10,50,40,0.2,25,0.02921334491111338,41
CHEMBL225,8,0.2,6.0,50,opdiv_tanimoto0.7,optimal,2.704186874424863e-10,50,40,0.2,25,0.02792666107416153,41
CHEMBL225,8,0.3,4.0,50,opdiv_tanimoto0.7,optimal,2.3455082320822385e-10,50,31,0.38,24,0.0316688169259578,38
CHEMBL225,8,0.3,6.0,50,opdiv_tanimoto0.7,optimal,2.111362196188793e-10,50,30,0.4,22,0.031074102967977524,38
CHEMBL225,9,0.2,4.0,50,opdiv_tanimoto0.7,optimal,2.0935830846724457e-10,50,35,0.3,23,0.03139836504124105,41
CHEMBL225,9,0.2,6.0,50,opdiv_tanimoto0.7,optimal,2.7447810690972574e-10,50,35,0.3,23,0.028635526075959206,41
CHEMBL225,9,0.3,4.0,50,opdiv_tanimoto0.7,optimal,2.1014789908235798e-10,50,30,0.4,24,0.030688459984958172,39
CHEMBL225,9,0.3,6.0,50,opdiv_tanimoto0.7,optimal,2.0409718359815088e-10,50,30,0.4,24,0.0264650690369308,39
CHEMBL226,0,0.2,4.0,50,opdiv_tanimoto0.7,optimal,1.754716372204257e-10,50,38,0.24,36,0.04568025306798518,41
CHEMBL226,0,0.2,6.0,50,opdiv_tanimoto0.7,optimal,2.3560431383629066e-10,50,35,0.3,36,0.03797715809196234,39
CHEMBL226,0,0.3,4.0,50,opdiv_tanimoto0.7,optimal,2.3174517860269361e-10,50,24,0.52,31,0.030407620826736093,37
CHEMBL226,0,0.3,6.0,50,opdiv_tanimoto0.7,optimal,2.293117917773202e-10,50,23,0.54,30,0.0327935388777405,37
CHEMBL226,1,0.2,4.0,50,opdiv_tanimoto0.7,optimal,2.0375812148643035e-10,50,30,0.4,32,0.027986429864540696,39
CHEMBL226,1,0.2,6.0,50,opdiv_tanimoto0.7,optimal,2.3503299306781855e-10,50,30,0.4,32,0.02770877699367702,39
CHEMBL226,1,0.3,4.0,50,opdiv_tanimoto0.7,optimal,2.1669244176791835e-10,50,25,0.5,32,0.035111155826598406,37
CHEMBL226,1,0.3,6.0,50,opdiv_tanimoto0.7,optimal,2.2970814139711138e-10,50,23,0.54,30,0.03835371811874211,37
CHEMBL226,2,0.2,4.0,50,opdiv_tanimoto0.7,optimal,1.7911272465198635e-10,50,36,0.28,35,0.025176180992275476,39
CHEMBL226,2,0.2,6.0,50,opdiv_tanimoto0.7,optimal,2.5825408478397094e-10,50,33,0.34,34,0.028133518062531948,39
CHEMBL226,2,0.3,4.0,50,opdiv_tanimoto0.7,optimal,2.060404069581523e-10,50,27,0.46,32,0.031132277799770236,38
CHEMBL226,2,0.3,6.0,50,opdiv_tanimoto0.7,optimal,2.0734014505308096e-10,50,23,0.54,30,0.033862648997455835,36
CHEMBL226,3,0.2,4.0,50,opdiv_tanimoto0.7,optimal,2.327181780614751e-10,50,31,0.38,32,0.026488972827792168,39
CHEMBL226,3,0.2,6.0,50,opdiv_tanimoto0.7,optimal,2.0455892535409248e-10,50,29,0.42,32,0.02679732209071517,38
CHEMBL226,3,0.3,4.0,50,opdiv_tanimoto0.7,optimal,2.1565083052621503e-10,50,23,0.54,29,0.03325004782527685,36
CHEMBL226,3,0.3,6.0,50,opdiv_tanimoto0.7,optimal,2.0777413123340693e-10,50,20,0.6,27,0.03472547186538577,36
CHEMBL226,4,0.2,4.0,50,opdiv_tanimoto0.7,optimal,1.9509094340008915e-10,50,28,0.44,32,0.03507994883693755,39
CHEMBL226,4,0.2,6.0,50,opdiv_tanimoto0.7,optimal,2.1724311238813243e-10,50,27,0.46,32,0.029626508941873908,39
CHEMBL226,4,0.3,4.0,50,opdiv_tanimoto0.7,optimal,2.231733686741677e-10,50,25,0.5,31,0.033231751061975956,38
CHEMBL226,4,0.3,6.0,50,opdiv_tanimoto0.7,optimal,2.1012314110890884e-10,50,23,0.54,30,0.03752022795379162,37
CHEMBL226,5,0.2,4.0,50,opdiv_tanimoto0.7,optimal,1.8887336139528088e-10,50,36,0.28,35,0.027625954011455178,40
CHEMBL226,5,0.2,6.0,50,opdiv_tanimoto0.7,optimal,2.3211921273968983e-10,50,34,0.32,35,0.03377738199196756,39
CHEMBL226,5,0.3,4.0,50,opdiv_tanimoto0.7,optimal,2.0460599881033659e-10,50,24,0.52,30,0.03782047517597675,36
CHEMBL226,5,0.3,6.0,50,opdiv_tanimoto0.7,optimal,2.2384638587169547e-10,50,20,0.6,27,0.0387283549644053,36
CHEMBL226,6,0.2,4.0,50,opdiv_tanimoto0.7,optimal,2.1610724321163843e-10,50,31,0.38,33,0.026941935997456312,38
CHEMBL226,6,0.2,6.0,50,opdiv_tanimoto0.7,optimal,2.292785961088839e-10,50,30,0.4,32,0.02732558688148856,38
CHEMBL226,6,0.3,4.0,50,opdiv_tanimoto0.7,optimal,2.0952539703245066e-10,50,30,0.4,34,0.03524268209002912,38
CHEMBL226,6,0.3,6.0,50,opdiv_tanimoto0.7,optimal,2.436583157461314e-10,50,29,0.42,35,0.034960972145199776,37
CHEMBL226,7,0.2,4.0,50,opdiv_tanimoto0.7,optimal,2.333309101487657e-10,50,32,0.36,35,0.028021953999996185,38
CHEMBL226,7,0.2,6.0,50,opdiv_tanimoto0.7,optimal,2.381383978899976e-10,50,31,0.38,34,0.02767298510298133,38
CHEMBL226,7,0.3,4.0,50,opdiv_tanimoto0.7,optimal,2.1043711218027283e-10,50,20,0.6,27,0.03540880884975195,36
CHEMBL226,7,0.3,6.0,50,opdiv_tanimoto0.7,optimal,2.029348911136708e-10,50,19,0.62,27,0.03424085211008787,36
CHEMBL226,8,0.2,4.0,50,opdiv_tanimoto0.7,optimal,2.1406265648948875e-10,50,31,0.38,32,0.04680891311727464,41
CHEMBL226,8,0.2,6.0,50,opdiv_tanimoto0.7,optimal,2.3920954106415593e-10,50,30,0.4,32,0.034299710066989064,40
CHEMBL226,8,0.3,4.0,50,opdiv_tanimoto0.7,optimal,2.1578849818126855e-10,50,26,0.48,31,0.029557698173448443,38
CHEMBL226,8,0.3,6.0,50,opdiv_tanimoto0.7,optimal,2.126754328202196e-10,50,22,0.56,29,0.03414745396003127,36
CHEMBL226,9,0.2,4.0,50,opdiv_tanimoto0.7,optimal,1.9783497062775268e-10,50,31,0.38,32,0.03492620098404586,40
CHEMBL226,9,0.2,6.0,50,opdiv_tanimoto0.7,optimal,2.381418395813739e-10,50,29,0.42,32,0.028679390903562307,39
CHEMBL226,9,0.3,4.0,50,opdiv_tanimoto0.7,optimal,2.2626589490926108e-10,50,25,0.5,32,0.03200661996379495,37
CHEMBL226,9,0.3,6.0,50,opdiv_tanimoto0.7,optimal,2.2280666200913402e-10,50,23,0.54,30,0.031469220062717795,37
CHEMBL227,0,0.2,4.0,50,opdiv_tanimoto0.7,optimal,2.3232538115536272e-10,50,48,0.04,40,0.02469889004714787,49
CHEMBL227,0,0.2,6.0,50,opdiv_tanimoto0.7,optimal,2.0625756658176897e-10,50,48,0.04,40,0.021967779146507382,49
CHEMBL227,0,0.3,4.0,50,opdiv_tanimoto0.7,optimal,1.7962542564475825e-10,50,49,0.02,40,0.023685241816565394,50
CHEMBL227,0,0.3,6.0,50,opdiv_tanimoto0.7,optimal,1.7876145008699496e-10,50,49,0.02,40,0.02400319604203105,50
CHEMBL227,1,0.2,4.0,50,opdiv_tanimoto0.7,optimal,2.3445656527343317e-10,50,49,0.02,40,0.02254886319860816,50
CHEMBL227,1,0.2,6.0,50,opdiv_tanimoto0.7,optimal,2.349647143518041e-10,50,49,0.02,40,0.022884342120960355,50
CHEMBL227,1,0.3,4.0,50,opdiv_tanimoto0.7,optimal,2.2992330261928373e-10,50,48,0.04,40,0.021692139096558094,49
CHEMBL227,1,0.3,6.0,50,opdiv_tanimoto0.7,optimal,2.0603529993223901e-10,50,48,0.04,40,0.02265664399601519,49
CHEMBL227,2,0.2,4.0,50,opdiv_tanimoto0.7,optimal,2.365591056374683e-10,50,49,0.02,40,0.02431102399714291,50
CHEMBL227,2,0.2,6.0,50,opdiv_tanimoto0.7,optimal,2.3667534598814655e-10,50,49,0.02,40,0.023874425096437335,50
CHEMBL227,2,0.3,4.0,50,opdiv_tanimoto0.7,optimal,2.3232538115536272e-10,50,48,0.04,40,0.020793013041839004,49
CHEMBL227,2,0.3,6.0,50,opdiv_tanimoto0.7,optimal,2.0589296934048207e-10,50,48,0.04,40,0.020757098915055394,49
CHEMBL227,3,0.2,4.0,50,opdiv_tanimoto0.7,optimal,2.3139745675138101e-10,50,48,0.04,40,0.020751820877194405,49
CHEMBL227,3,0.2,6.0,50,opdiv_tanimoto0.7,optimal,2.0727175531476405e-10,50,48,0.04,40,0.020846873056143522,49
CHEMBL227,3,0.3,4.0,50,opdiv_tanimoto0.7,optimal,2.3259627557337126e-10,50,48,0.04,40,0.0212763708550483,49
CHEMBL227,3,0.3,6.0,50,opdiv_tanimoto0.7,optimal,2.0705692715949908e-10,50,48,0.04,40,0.021166567923501134,49
CHEMBL227,4,0.2,4.0,50,opdiv_tanimoto0.7,optimal,2.340341254125633e-10,50,49,0.02,40,0.02185210702009499,50
CHEMBL227,4,0.2,6.0,50,opdiv_tanimoto0.7,optimal,2.3521817826832603e-10,50,49,0.02,40,0.022059055045247078,50
CHEMBL227,4,0.3,4.0,50,opdiv_tanimoto0.7,optimal,1.875301025577869e-10,50,48,0.04,40,0.02043603197671473,49
CHEMBL227,4,0.3,6.0,50,opdiv_tanimoto0.7,optimal,2.3185164899075517e-10,50,48,0.04,40,0.021138276206329465,49
CHEMBL227,5,0.2,4.0,50,opdiv_tanimoto0.7,optimal,2.3301249818530323e-10,50,49,0.02,40,0.024583879858255386,50
CHEMBL227,5,0.2,6.0,50,opdiv_tanimoto0.7,optimal,2.343774063717774e-10,50,49,0.02,40,0.024579443037509918,50
CHEMBL227,5,0.3,4.0,50,opdiv_tanimoto0.7,optimal,2.4683910471168247e-10,50,48,0.04,40,0.021507294848561287,49
CHEMBL227,5,0.3,6.0,50,opdiv_tanimoto0.7,optimal,2.1989443599323977e-10,50,48,0.04,40,0.02120666718110442,49
CHEMBL227,6,0.2,4.0,50,opdiv_tanimoto0.7,optimal,2.3232538115536272e-10,50,48,0.04,40,0.021121590863913298,49
CHEMBL227,6,0.2,6.0,50,opdiv_tanimoto0.7,optimal,2.0625756658176897e-10,50,48,0.04,40,0.021939467173069715,49
CHEMBL227,6,0.3,4.0,50,opdiv_tanimoto0.7,optimal,2.3232538115536272e-10,50,48,0.04,40,0.020768204936757684,49
CHEMBL227,6,0.3,6.0,50,opdiv_tanimoto0.7,optimal,2.0589296934048207e-10,50,48,0.04,40,0.020703969057649374,49
CHEMBL227,7,0.2,4.0,50,opdiv_tanimoto0.7,optimal,1.794656645515147e-10,50,49,0.02,40,0.022618097020313144,50
CHEMBL227,7,0.2,6.0,50,opdiv_tanimoto0.7,optimal,1.7876145008699496e-10,50,49,0.02,40,0.02234312705695629,50
CHEMBL227,7,0.3,4.0,50,opdiv_tanimoto0.7,optimal,2.3531876447435707e-10,50,48,0.04,40,0.021555976942181587,49
CHEMBL227,7,0.3,6.0,50,opdiv_tanimoto0.7,optimal,2.0743551321089626e-10,50,48,0.04,40,0.020551924128085375,49
CHEMBL227,8,0.2,4.0,50,opdiv_tanimoto0.7,optimal,2.349188621408871e-10,50,48,0.04,40,0.020323824137449265,49
CHEMBL227,8,0.2,6.0,50,opdiv_tanimoto0.7,optimal,2.0727941585363396e-10,50,48,0.04,40,0.02059869305230677,49
CHEMBL227,8,0.3,4.0,50,opdiv_tanimoto0.7,optimal,2.3189727915706726e-10,50,48,0.04,40,0.020672101993113756,49
CHEMBL227,8,0.3,6.0,50,opdiv_tanimoto0.7,optimal,2.0481383256054642e-10,50,48,0.04,40,0.02063427702523768,49
CHEMBL227,9,0.2,4.0,50,opdiv_tanimoto0.7,optimal,2.34457009362643e-10,50,48,0.04,40,0.021131404908373952,49
CHEMBL227,9,0.2,6.0,50,opdiv_tanimoto0.7,optimal,2.06925365731081e-10,50,48,0.04,40,0.020367559976875782,49
CHEMBL227,9,0.3,4.0,50,opdiv_tanimoto0.7,optimal,2.3259627557337126e-10,50,48,0.04,40,0.021500343922525644,49
CHEMBL227,9,0.3,6.0,50,opdiv_tanimoto0.7,optimal,2.0705692715949908e-10,50,48,0.04,40,0.02092370600439608,49
CHEMBL231,0,0.2,4.0,50,opdiv_tanimoto0.7,optimal,2.351296934932634e-10,50,48,0.04,40,0.026781899156048894,47
CHEMBL231,0,0.2,6.0,50,opdiv_tanimoto0.7,optimal,2.2410362454650112e-10,50,45,0.1,39,0.02376117603853345,46
CHEMBL231,0,0.3,4.0,50,opdiv_tanimoto0.7,optimal,2.139984855986654e-10,50,47,0.06,41,0.02493948908522725,46
CHEMBL231,0,0.3,6.0,50,opdiv_tanimoto0.7,optimal,2.294670009561628e-10,50,42,0.16,38,0.023148163920268416,45
CHEMBL231,1,0.2,4.0,50,opdiv_tanimoto0.7,optimal,2.2131996235685847e-10,50,47,0.06,41,0.024723537964746356,46
CHEMBL231,1,0.2,6.0,50,opdiv_tanimoto0.7,optimal,2.1059287647062774e-10,50,44,0.12,39,0.02312033297494054,45
CHEMBL231,1,0.3,4.0,50,opdiv_tanimoto0.7,optimal,2.2120338893927283e-10,50,46,0.08,41,0.02451620902866125,45
CHEMBL231,1,0.3,6.0,50,opdiv_tanimoto0.7,optimal,2.431717049944382e-10,50,42,0.16,38,0.022485719993710518,45
CHEMBL231,2,0.2,4.0,50,opdiv_tanimoto0.7,optimal,2.1569113162200892e-10,50,48,0.04,40,0.024209443014115095,47
CHEMBL231,2,0.2,6.0,50,opdiv_tanimoto0.7,optimal,2.3019242068045287e-10,50,43,0.14,38,0.023933533113449812,45
CHEMBL231,2,0.3,4.0,50,opdiv_tanimoto0.7,optimal,2.302302792855926e-10,50,47,0.06,41,0.023949116002768278,46
CHEMBL231,2,0.3,6.0,50,opdiv_tanimoto0.7,optimal,2.221802741786405e-10,50,44,0.12,39,0.02271855599246919,45
CHEMBL231,3,0.2,4.0,50,opdiv_tanimoto0.7,optimal,2.1427859486777834e-10,50,46,0.08,40,0.023836088133975863,47
CHEMBL231,3,0.2,6.0,50,opdiv_tanimoto0.7,optimal,2.2018065148898813e-10,50,43,0.14,38,0.02262981398962438,46
CHEMBL231,3,0.3,4.0,50,opdiv_tanimoto0.7,optimal,2.330868831279531e-10,50,47,0.06,41,0.02159346197731793,46
CHEMBL231,3,0.3,6.0,50,opdiv_tanimoto0.7,optimal,2.215064798249955e-10,50,45,0.1,40,0.02246759203262627,45
CHEMBL231,4,0.2,4.0,50,opdiv_tanimoto0.7,optimal,2.152996669835261e-10,50,47,0.06,41,0.02501789480447769,46
CHEMBL231,4,0.2,6.0,50,opdiv_tanimoto0.7,optimal,2.339197724410269e-10,50,44,0.12,39,0.023195565911009908,45
CHEMBL231,4,0.3,4.0,50,opdiv_tanimoto0.7,optimal,2.1782398107461631e-10,50,47,0.06,41,0.02423195680603385,46
CHEMBL231,4,0.3,6.0,50,opdiv_tanimoto0.7,optimal,2.4041102442140527e-10,50,41,0.18,37,0.023065402172505856,45
CHEMBL231,5,0.2,4.0,50,opdiv_tanimoto0.7,optimal,2.1899948521308943e-10,50,47,0.06,41,0.024150585057213902,46
CHEMBL231,5,0.2,6.0,50,opdiv_tanimoto0.7,optimal,2.439412005728059e-10,50,43,0.14,38,0.02358200983144343,45
CHEMBL231,5,0.3,4.0,50,opdiv_tanimoto0.7,optimal,2.1782398107461631e-10,50,47,0.06,41,0.024551803013309836,46
CHEMBL231,5,0.3,6.0,50,opdiv_tanimoto0.7,optimal,2.4041102442140527e-10,50,41,0.18,37,0.021956463111564517,45
CHEMBL231,6,0.2,4.0,50,opdiv_tanimoto0.7,optimal,2.152996669835261e-10,50,47,0.06,41,0.02507761400192976,46
CHEMBL231,6,0.2,6.0,50,opdiv_tanimoto0.7,optimal,2.339197724410269e-10,50,44,0.12,39,0.02320751314982772,45
CHEMBL231,6,0.3,4.0,50,opdiv_tanimoto0.7,optimal,2.302302792855926e-10,50,47,0.06,41,0.023856318090111017,46
CHEMBL231,6,0.3,6.0,50,opdiv_tanimoto0.7,optimal,2.221802741786405e-10,50,44,0.12,39,0.02267584204673767,45
CHEMBL231,7,0.2,4.0,50,opdiv_tanimoto0.7,optimal,2.1569113162200892e-10,50,48,0.04,40,0.0243120058439672,47
CHEMBL231,7,0.2,6.0,50,opdiv_tanimoto0.7,optimal,2.3019242068045287e-10,50,43,0.14,38,0.023620247142389417,45
CHEMBL231,7,0.3,4.0,50,opdiv_tanimoto0.7,optimal,2.164790569025854e-10,50,45,0.1,40,0.023627016926184297,46
CHEMBL231,7,0.3,6.0,50,opdiv_tanimoto0.7,optimal,2.2020407719480772e-10,50,42,0.16,38,0.022752677090466022,45
CHEMBL231,8,0.2,4.0,50,opdiv_tanimoto0.7,optimal,2.2131996235685847e-10,50,47,0.06,41,0.024661405012011528,46
CHEMBL231,8,0.2,6.0,50,opdiv_tanimoto0.7,optimal,2.1059287647062774e-10,50,44,0.12,39,0.023836748907342553,45
CHEMBL231,8,0.3,4.0,50,opdiv_tanimoto0.7,optimal,2.139984855986654e-10,50,47,0.06,41,0.025025987066328526,46
CHEMBL231,8,0.3,6.0,50,opdiv_tanimoto0.7,optimal,2.294670009561628e-10,50,42,0.16,38,0.0228967210277915,45
CHEMBL231,9,0.2,4.0,50,opdiv_tanimoto0.7,optimal,2.1783341797032563e-10,50,47,0.06,41,0.022165433038026094,46
CHEMBL231,9,0.2,6.0,50,opdiv_tanimoto0.7,optimal,2.3032009632828476e-10,50,44,0.12,39,0.021359055070206523,45
CHEMBL231,9,0.3,4.0,50,opdiv_tanimoto0.7,optimal,2.2352009132475814e-10,50,46,0.08,41,0.024702857015654445,45
CHEMBL231,9,0.3,6.0,50,opdiv_tanimoto0.7,optimal,2.1401491689942986e-10,50,43,0.14,39,0.023034726968035102,45
CHEMBL232,0,0.2,4.0,50,opdiv_tanimoto0.7,optimal,2.33700392371361e-10,50,39,0.22,44,0.013577481033280492,40
CHEMBL232,0,0.2,6.0,50,opdiv_tanimoto0.7,optimal,1.8549406455292683e-10,50,38,0.24,43,0.008939033141359687,40
CHEMBL232,0,0.3,4.0,50,opdiv_tanimoto0.7,optimal,1.9628465519616611e-10,50,38,0.24,41,0.008572869002819061,40
CHEMBL232,0,0.3,6.0,50,opdiv_tanimoto0.7,optimal,2.2335588933941608e-10,50,38,0.24,41,0.008592097088694572,40
CHEMBL232,1,0.2,4.0,50,opdiv_tanimoto0.7,optimal,2.351824290869331e-10,50,38,0.24,42,0.012589221820235252,40
CHEMBL232,1,0.2,6.0,50,opdiv_tanimoto0.7,optimal,2.5766222488954327e-10,50,38,0.24,41,0.013312747934833169,40
CHEMBL232,1,0.3,4.0,50,opdiv_tanimoto0.7,optimal,2.4378521423784605e-10,50,38,0.24,42,0.008584005059674382,39
CHEMBL232,1,0.3,6.0,50,opdiv_tanimoto0.7,optimal,2.529616516255828e-10,50,36,0.28,40,0.008292381884530187,39
CHEMBL232,2,0.2,4.0,50,opdiv_tanimoto0.7,optimal,2.3807478211068656e-10,50,38,0.24,42,0.009038952179253101,40
CHEMBL232,2,0.2,6.0,50,opdiv_tanimoto0.7,optimal,2.4516477736824527e-10,50,38,0.24,41,0.008703573839738965,40
CHEMBL232,2,0.3,4.0,50,opdiv_tanimoto0.7,optimal,2.422241296429206e-10,50,38,0.24,42,0.009328342042863369,39
CHEMBL232,2,0.3,6.0,50,opdiv_tanimoto0.7,optimal,2.5773005951634786e-10,50,37,0.26,41,0.009349703788757324,39
CHEMBL232,3,0.2,4.0,50,opdiv_tanimoto0.7,optimal,2.2778190444938673e-10,50,38,0.24,43,0.011988729005679488,40
CHEMBL232,3,0.2,6.0,50,opdiv_tanimoto0.7,optimal,2.4260637943029906e-10,50,38,0.24,42,0.013136235997080803,40
CHEMBL232,3,0.3,4.0,50,opdiv_tanimoto0.7,optimal,2.337862126111645e-10,50,38,0.24,41,0.01157266995869577,40
CHEMBL232,3,0.3,6.0,50,opdiv_tanimoto0.7,optimal,1.9752055546717884e-10,50,37,0.26,41,0.013246288988739252,40
CHEMBL232,4,0.2,4.0,50,opdiv_tanimoto0.7,optimal,2.439766166872914e-10,50,37,0.26,40,0.011839356971904635,40
CHEMBL232,4,0.2,6.0,50,opdiv_tanimoto0.7,optimal,2.413494959441209e-10,50,37,0.26,40,0.013728806981816888,40
CHEMBL232,4,0.3,4.0,50,opdiv_tanimoto0.7,optimal,2.333140347587914e-10,50,36,0.28,40,0.01236225408501923,40
CHEMBL232,4,0.3,6.0,50,opdiv_tanimoto0.7,optimal,2.078088812140777e-10,50,36,0.28,40,0.015560380881652236,40
CHEMBL232,5,0.2,4.0,50,opdiv_tanimoto0.7,optimal,2.289285427892196e-10,50,38,0.24,42,0.012776721036061645,40
CHEMBL232,5,0.2,6.0,50,opdiv_tanimoto0.7,optimal,2.3314150610076467e-10,50,38,0.24,42,0.015009592054411769,40
CHEMBL232,5,0.3,4.0,50,opdiv_tanimoto0.7,optimal,1.9015333752037122e-10,50,38,0.24,43,0.012206342071294785,40
CHEMBL232,5,0.3,6.0,50,opdiv_tanimoto0.7,optimal,2.3183865938136705e-10,50,38,0.24,42,0.01263075415045023,40
CHEMBL232,6,0.2,4.0,50,opdiv_tanimoto0.7,optimal,2.392558373642828e-10,50,38,0.24,41,0.013065299950540066,40
CHEMBL232,6,0.2,6.0,50,opdiv_tanimoto0.7,optimal,2.5183632956782276e-10,50,38,0.24,41,0.014902201946824789,40
CHEMBL232,6,0.3,4.0,50,opdiv_tanimoto0.7,optimal,2.3025314987989987e-10,50,38,0.24,44,0.009410415077582002,39
CHEMBL232,6,0.3,6.0,50,opdiv_tanimoto0.7,optimal,2.430516898854762e-10,50,38,0.24,42,0.008516335161402822,39
CHEMBL232,7,0.2,4.0,50,opdiv_tanimoto0.7,optimal,2.310823754569924e-10,50,38,0.24,42,0.012307904195040464,40
CHEMBL232,7,0.2,6.0,50,opdiv_tanimoto0.7,optimal,2.367803730862761e-10,50,38,0.24,42,0.014597347937524319,40
CHEMBL232,7,0.3,4.0,50,opdiv_tanimoto0.7,optimal,1.9089441138930852e-10,50,39,0.22,44,0.009300932055339217,39
CHEMBL232,7,0.3,6.0,50,opdiv_tanimoto0.7,optimal,2.2897850282532772e-10,50,38,0.24,42,0.008561972994357347,39
CHEMBL232,8,0.2,4.0,50,opdiv_tanimoto0.7,optimal,2.334571425066656e-10,50,38,0.24,43,0.00942817097529769,40
CHEMBL232,8,0.2,6.0,50,opdiv_tanimoto0.7,optimal,1.7640156002585172e-10,50,38,0.24,42,0.00917677697725594,40
CHEMBL232,8,0.3,4.0,50,opdiv_tanimoto0.7,optimal,2.4757107475181783e-10,50,36,0.28,40,0.012046976014971733,39
CHEMBL232,8,0.3,6.0,50,opdiv_tanimoto0.7,optimal,2.432585244349639e-10,50,36,0.28,39,0.012960515217855573,39
CHEMBL232,9,0.2,4.0,50,opdiv_tanimoto0.7,optimal,1.9550416840985463e-10,50,39,0.22,44,0.010636388091370463,41
CHEMBL232,9,0.2,6.0,50,opdiv_tanimoto0.7,optimal,2.3195834142342164e-10,50,39,0.22,44,0.010427137138321996,41
CHEMBL232,9,0.3,4.0,50,opdiv_tanimoto0.7,optimal,1.9859125455212734e-10,50,38,0.24,42,0.011728171026334167,40
CHEMBL232,9,0.3,6.0,50,opdiv_tanimoto0.7,optimal,2.3630331025259466e-10,50,38,0.24,42,0.013513556914404035,40
CHEMBL234,0,0.2,4.0,50,opdiv_tanimoto0.7,optimal,2.0180990212281813e-10,50,46,0.08,36,0.0421011399012059,48
CHEMBL234,0,0.2,6.0,50,opdiv_tanimoto0.7,optimal,2.2424695433898023e-10,50,43,0.14,36,0.03767606010660529,47
CHEMBL234,0,0.3,4.0,50,opdiv_tanimoto0.7,optimal,2.126665510360226e-10,50,48,0.04,37,0.03814791212789714,49
CHEMBL234,0,0.3,6.0,50,opdiv_tanimoto0.7,optimal,2.0352797225342556e-10,50,44,0.12,37,0.03990472503937781,46
CHEMBL234,1,0.2,4.0,50,opdiv_tanimoto0.7,optimal,2.126665510360226e-10,50,48,0.04,37,0.0374805589672178,49
CHEMBL234,1,0.2,6.0,50,opdiv_tanimoto0.7,optimal,2.1247237302901567e-10,50,46,0.08,37,0.03950683306902647,47
CHEMBL234,1,0.3,4.0,50,opdiv_tanimoto0.7,optimal,2.166736789988022e-10,50,47,0.06,37,0.03618107712827623,48
CHEMBL234,1,0.3,6.0,50,opdiv_tanimoto0.7,optimal,2.1456147969445283e-10,50,43,0.14,36,0.03881088807247579,46
CHEMBL234,2,0.2,4.0,50,opdiv_tanimoto0.7,optimal,2.166736789988022e-10,50,47,0.06,37,0.03634780482389033,48
CHEMBL234,2,0.2,6.0,50,opdiv_tanimoto0.7,optimal,2.1456147969445283e-10,50,43,0.14,36,0.037492858013138175,47
CHEMBL234,2,0.3,4.0,50,opdiv_tanimoto0.7,optimal,2.1670076844060304e-10,50,47,0.06,37,0.03638531104661524,48
CHEMBL234,2,0.3,6.0,50,opdiv_tanimoto0.7,optimal,2.0874757478139827e-10,50,43,0.14,37,0.03792765410616994,46
CHEMBL234,3,0.2,4.0,50,opdiv_tanimoto0.7,optimal,2.1670076844060304e-10,50,47,0.06,37,0.03880636114627123,48
CHEMBL234,3,0.2,6.0,50,opdiv_tanimoto0.7,optimal,2.065637660919606e-10,50,44,0.12,36,0.03994394210167229,47
CHEMBL234,3,0.3,4.0,50,opdiv_tanimoto0.7,optimal,2.1171453479240654e-10,50,48,0.04,37,0.0381578269880265,49
CHEMBL234,3,0.3,6.0,50,opdiv_tanimoto0.7,optimal,2.174229685181217e-10,50,43,0.14,37,0.04194298596121371,46
CHEMBL234,4,0.2,4.0,50,opdiv_tanimoto0.7,optimal,2.018322176056131e-10,50,46,0.08,36,0.03915087296627462,48
CHEMBL234,4,0.2,6.0,50,opdiv_tanimoto0.7,optimal,2.3574941998560917e-10,50,45,0.1,37,0.03999679093249142,47
CHEMBL234,4,0.3,4.0,50,opdiv_tanimoto0.7,optimal,2.126443465755301e-10,50,48,0.04,37,0.038832530146464705,49
CHEMBL234,4,0.3,6.0,50,opdiv_tanimoto0.7,optimal,2.218130124020945e-10,50,43,0.14,37,0.039833968970924616,46
CHEMBL234,5,0.2,4.0,50,opdiv_tanimoto0.7,optimal,2.1718415954552484e-10,50,47,0.06,37,0.038641345920041203,48
CHEMBL234,5,0.2,6.0,50,opdiv_tanimoto0.7,optimal,2.130187137794337e-10,50,45,0.1,37,0.03641651710495353,47
CHEMBL234,5,0.3,4.0,50,opdiv_tanimoto0.7,optimal,2.0229340425004239e-10,50,46,0.08,36,0.039524049032479525,48
CHEMBL234,5,0.3,6.0,50,opdiv_tanimoto0.7,optimal,2.2251145370688619e-10,50,42,0.16,36,0.03555040992796421,46
CHEMBL234,6,0.2,4.0,50,opdiv_tanimoto0.7,optimal,2.1215607048929996e-10,50,48,0.04,37,0.03887133905664086,49
CHEMBL234,6,0.2,6.0,50,opdiv_tanimoto0.7,optimal,2.193905057623624e-10,50,44,0.12,36,0.040262047201395035,47
CHEMBL234,6,0.3,4.0,50,opdiv_tanimoto0.7,optimal,2.166736789988022e-10,50,47,0.06,37,0.03682617703452706,48
CHEMBL234,6,0.3,6.0,50,opdiv_tanimoto0.7,optimal,2.0822044088930625e-10,50,42,0.16,36,0.03638768498785794,46
CHEMBL234,7,0.2,4.0,50,opdiv_tanimoto0.7,optimal,2.126665510360226e-10,50,48,0.04,37,0.03771895496174693,49
CHEMBL234,7,0.2,6.0,50,opdiv_tanimoto0.7,optimal,2.1247237302901567e-10,50,46,0.08,37,0.039380905916914344,47
CHEMBL234,7,0.3,4.0,50,opdiv_tanimoto0.7,optimal,2.166736789988022e-10,50,47,0.06,37,0.03673317888751626,48
CHEMBL234,7,0.3,6.0,50,opdiv_tanimoto0.7,optimal,2.0822044088930625e-10,50,42,0.16,36,0.035980549873784184,46
CHEMBL234,8,0.2,4.0,50,opdiv_tanimoto0.7,optimal,2.1224055846147394e-10,50,48,0.04,37,0.039676456013694406,49
CHEMBL234,8,0.2,6.0,50,opdiv_tanimoto0.7,optimal,2.11723527598906e-10,50,46,0.08,37,0.04010956012643874,47
CHEMBL234,8,0.3,4.0,50,opdiv_tanimoto0.7,optimal,2.1215607048929996e-10,50,48,0.04,37,0.037903490010648966,49
CHEMBL234,8,0.3,6.0,50,opdiv_tanimoto0.7,optimal,2.150766231778789e-10,50,43,0.14,36,0.03986342390999198,46
CHEMBL234,9,0.2,4.0,50,opdiv_tanimoto0.7,optimal,2.1175239339754626e-10,50,48,0.04,37,0.0397713768761605,49
CHEMBL234,9,0.2,6.0,50,opdiv_tanimoto0.7,optimal,2.0591350846643763e-10,50,45,0.1,37,0.04025955288670957,47
CHEMBL234,9,0.3,4.0,50,opdiv_tanimoto0.7,optimal,2.166736789988022e-10,50,47,0.06,37,0.03651472390629351,48
CHEMBL234,9,0.3,6.0,50,opdiv_tanimoto0.7,optimal,2.1231061353432779e-10,50,41,0.18,35,0.03783877310343087,46
CHEMBL236,0,0.2,4.0,50,opdiv_tanimoto0.7,optimal,2.354271222415605e-10,50,41,0.18,36,0.10918298200704157,47
CHEMBL236,0,0.2,6.0,50,opdiv_tanimoto0.7,optimal,2.2749657713205806e-10,50,37,0.26,35,0.07881967700086534,46
CHEMBL236,0,0.3,4.0,50,opdiv_tanimoto0.7,optimal,2.35425567929326e-10,50,41,0.18,36,0.10675393999554217,47
CHEMBL236,0,0.3,6.0,50,opdiv_tanimoto0.7,optimal,2.2778223751629412e-10,50,37,0.26,35,0.09151045000180602,45
CHEMBL236,1,0.2,4.0,50,opdiv_tanimoto0.7,optimal,2.1995405496966214e-10,50,46,0.08,37,0.1004183879122138,49
CHEMBL236,1,0.2,6.0,50,opdiv_tanimoto0.7,optimal,2.3808521820711803e-10,50,42,0.16,35,0.10005836305208504,46
CHEMBL236,1,0.3,4.0,50,opdiv_tanimoto0.7,optimal,2.2507529173765306e-10,50,39,0.22,34,0.07062752405181527,46
CHEMBL236,1,0.3,6.0,50,opdiv_tanimoto0.7,optimal,2.4384116947828716e-10,50,38,0.24,35,0.07851348188705742,45
CHEMBL236,2,0.2,4.0,50,opdiv_tanimoto0.7,optimal,2.207733995618355e-10,50,45,0.1,37,0.09855711902491748,48
CHEMBL236,2,0.2,6.0,50,opdiv_tanimoto0.7,optimal,2.3712576346923697e-10,50,42,0.16,35,0.08312862506136298,47
CHEMBL236,2,0.3,4.0,50,opdiv_tanimoto0.7,optimal,2.1539692252048326e-10,50,43,0.14,36,0.10330528300255537,47
CHEMBL236,2,0.3,6.0,50,opdiv_tanimoto0.7,optimal,2.423550249375239e-10,50,38,0.24,35,0.07760628499090672,45
CHEMBL236,3,0.2,4.0,50,opdiv_tanimoto0.7,optimal,2.46165199335735e-10,50,44,0.12,36,0.09841446997597814,48
CHEMBL236,3,0.2,6.0,50,opdiv_tanimoto0.7,optimal,2.52478260520661e-10,50,41,0.18,37,0.08388033485971391,46
CHEMBL236,3,0.3,4.0,50,opdiv_tanimoto0.7,optimal,2.2551216449784306e-10,50,40,0.2,34,0.08674776903353631,47
CHEMBL236,3,0.3,6.0,50,opdiv_tanimoto0.7,optimal,2.574658264364871e-10,50,35,0.3,35,0.08794778399169445,44
CHEMBL236,4,0.2,4.0,50,opdiv_tanimoto0.7,optimal,2.2417845357836086e-10,50,38,0.24,33,0.0730809539090842,47
CHEMBL236,4,0.2,6.0,50,opdiv_tanimoto0.7,optimal,2.540383459148643e-10,50,37,0.26,34,0.07410647883079946,46
CHEMBL236,4,0.3,4.0,50,opdiv_tanimoto0.7,optimal,2.2468438221068254e-10,50,40,0.2,34,0.08816104102879763,47
CHEMBL236,4,0.3,6.0,50,opdiv_tanimoto0.7,optimal,2.580382574279838e-10,50,36,0.28,35,0.08889518305659294,44
CHEMBL236,5,0.2,4.0,50,opdiv_tanimoto0.7,optimal,2.3952106964486575e-10,50,46,0.08,38,0.10531590296886861,48
CHEMBL236,5,0.2,6.0,50,opdiv_tanimoto0.7,optimal,2.38877584379793e-10,50,42,0.16,36,0.09125619591213763,46
CHEMBL236,5,0.3,4.0,50,opdiv_tanimoto0.7,optimal,2.3313473374031446e-10,50,40,0.2,35,0.09376352606341243,47
CHEMBL236,5,0.3,6.0,50,opdiv_tanimoto0.7,optimal,2.3153978734313796e-10,50,36,0.28,36,0.07788993790745735,45
CHEMBL236,6,0.2,4.0,50,opdiv_tanimoto0.7,optimal,2.497720918981372e-10,50,49,0.02,40,0.10188858909532428,49
CHEMBL236,6,0.2,6.0,50,opdiv_tanimoto0.7,optimal,2.600187842816126e-10,50,43,0.14,38,0.0926335051190108,46
CHEMBL236,6,0.3,4.0,50,opdiv_tanimoto0.7,optimal,2.149116440364196e-10,50,43,0.14,36,0.09434800501912832,47
CHEMBL236,6,0.3,6.0,50,opdiv_tanimoto0.7,optimal,2.363769180391273e-10,50,42,0.16,36,0.07864892715588212,46
CHEMBL236,7,0.2,4.0,50,opdiv_tanimoto0.7,optimal,2.1991819476596675e-10,50,46,0.08,37,0.09747407399117947,49
CHEMBL236,7,0.2,6.0,50,opdiv_tanimoto0.7,optimal,2.293840672962233e-10,50,42,0.16,36,0.06973941694013774,46
CHEMBL236,7,0.3,4.0,50,opdiv_tanimoto0.7,optimal,2.3071466959123654e-10,50,40,0.2,36,0.08926508505828679,46
CHEMBL236,7,0.3,6.0,50,opdiv_tanimoto0.7,optimal,2.222392270212481e-10,50,36,0.28,37,0.09177057188935578,44
CHEMBL236,8,0.2,4.0,50,opdiv_tanimoto0.7,optimal,2.1245860626351032e-10,50,43,0.14,35,0.07725913194008172,48
CHEMBL236,8,0.2,6.0,50,opdiv_tanimoto0.7,optimal,2.4261881392817486e-10,50,41,0.18,35,0.09254097891971469,46
CHEMBL236,8,0.3,4.0,50,opdiv_tanimoto0.7,optimal,2.3113144731468083e-10,50,37,0.26,34,0.08363214996643364,46
CHEMBL236,8,0.3,6.0,50,opdiv_tanimoto0.7,optimal,2.535384124868756e-10,50,34,0.32,34,0.09193638106808066,44
CHEMBL236,9,0.2,4.0,50,opdiv_tanimoto0.7,optimal,2.502412721483438e-10,50,50,0.0,40,0.11020204611122608,50
CHEMBL236,9,0.2,6.0,50,opdiv_tanimoto0.7,optimal,2.634954476832263e-10,50,45,0.1,38,0.08626293297857046,47
CHEMBL236,9,0.3,4.0,50,opdiv_tanimoto0.7,optimal,2.1229384916665595e-10,50,41,0.18,36,0.07016301900148392,46
CHEMBL236,9,0.3,6.0,50,opdiv_tanimoto0.7,optimal,2.4119983788040145e-10,50,40,0.2,36,0.08400813001208007,45
CHEMBL238,0,0.2,4.0,50,opdiv_tanimoto0.7,optimal,1.9914248028385373e-10,50,39,0.22,31,0.027917867992073298,41
CHEMBL238,0,0.2,6.0,50,opdiv_tanimoto0.7,optimal,2.333024884393353e-10,50,27,0.46,27,0.020048304926604033,41
CHEMBL238,0,0.3,4.0,50,opdiv_tanimoto0.7,optimal,2.0060353378426043e-10,50,32,0.36,28,0.017876764992251992,40
CHEMBL238,0,0.3,6.0,50,opdiv_tanimoto0.7,optimal,1.8291268499837088e-10,50,24,0.52,27,0.017915372969582677,38
CHEMBL238,1,0.2,4.0,50,opdiv_tanimoto0.7,optimal,2.1553081541725305e-10,50,43,0.14,31,0.021716485964134336,43
CHEMBL238,1,0.2,6.0,50,opdiv_tanimoto0.7,optimal,2.0160462188556494e-10,50,38,0.24,32,0.028267106972634792,42
CHEMBL238,1,0.3,4.0,50,opdiv_tanimoto0.7,optimal,2.457064551819599e-10,50,33,0.34,28,0.024254269897937775,42
CHEMBL238,1,0.3,6.0,50,opdiv_tanimoto0.7,optimal,2.1770307778723463e-10,50,23,0.54,26,0.02095172880217433,40
CHEMBL238,2,0.2,4.0,50,opdiv_tanimoto0.7,optimal,2.4700330669702453e-10,50,44,0.12,31,0.02565353107638657,43
CHEMBL238,2,0.2,6.0,50,opdiv_tanimoto0.7,optimal,2.5231705613748545e-10,50,30,0.4,30,0.03122748015448451,41
CHEMBL238,2,0.3,4.0,50,opdiv_tanimoto0.7,optimal,2.151853140119897e-10,50,31,0.38,26,0.027110908180475235,41
CHEMBL238,2,0.3,6.0,50,opdiv_tanimoto0.7,optimal,1.83661641450783e-10,50,23,0.54,27,0.023218750022351742,39
CHEMBL238,3,0.2,4.0,50,opdiv_tanimoto0.7,optimal,2.2624524476100305e-10,50,34,0.32,28,0.025786578189581633,44
CHEMBL238,3,0.2,6.0,50,opdiv_tanimoto0.7,optimal,2.142591659648474e-10,50,28,0.44,26,0.01995570701546967,42
CHEMBL238,3,0.3,4.0,50,opdiv_tanimoto0.7,optimal,2.2412405265015423e-10,50,38,0.24,31,0.023681418038904667,42
CHEMBL238,3,0.3,6.0,50,opdiv_tanimoto0.7,optimal,2.433020451775292e-10,50,27,0.46,29,0.024110136087983847,39
CHEMBL238,4,0.2,4.0,50,opdiv_tanimoto0.7,optimal,2.334246129720441e-10,50,34,0.32,30,0.021078526973724365,43
CHEMBL238,4,0.2,6.0,50,opdiv_tanimoto0.7,optimal,2.378296448668493e-10,50,31,0.38,29,0.023392739007249475,42
CHEMBL238,4,0.3,4.0,50,opdiv_tanimoto0.7,optimal,2.41620279339827e-10,50,32,0.36,29,0.02448901883326471,41
CHEMBL238,4,0.3,6.0,50,opdiv_tanimoto0.7,optimal,2.2479806904840416e-10,50,22,0.56,27,0.021577749866992235,40
CHEMBL238,5,0.2,4.0,50,opdiv_tanimoto0.7,optimal,2.17202922314641e-10,50,41,0.18,30,0.024288011016324162,43
CHEMBL238,5,0.2,6.0,50,opdiv_tanimoto0.7,optimal,2.162835466279489e-10,50,30,0.4,29,0.019933844916522503,42
CHEMBL238,5,0.3,4.0,50,opdiv_tanimoto0.7,optimal,1.9967938413856245e-10,50,28,0.44,24,0.02377777104265988,39
CHEMBL238,5,0.3,6.0,50,opdiv_tanimoto0.7,optimal,1.9602841572208263e-10,50,19,0.62,25,0.02055116300471127,39
CHEMBL238,6,0.2,4.0,50,opdiv_tanimoto0.7,optimal,2.062832127336378e-10,50,36,0.28,30,0.027122876839712262,44
CHEMBL238,6,0.2,6.0,50,opdiv_tanimoto0.7,optimal,2.1481827428004863e-10,50,28,0.44,27,0.019659987883642316,42
CHEMBL238,6,0.3,4.0,50,opdiv_tanimoto0.7,optimal,2.0712043191650764e-10,50,36,0.28,28,0.028673091903328896,41
CHEMBL238,6,0.3,6.0,50,opdiv_tanimoto0.7,optimal,1.7266010843286494e-10,50,25,0.5,25,0.019677573814988136,38
CHEMBL238,7,0.2,4.0,50,opdiv_tanimoto0.7,optimal,2.2385482356668263e-10,50,41,0.18,31,0.02385153202340007,42
CHEMBL238,7,0.2,6.0,50,opdiv_tanimoto0.7,optimal,2.2521162712507703e-10,50,30,0.4,29,0.016802608035504818,41
CHEMBL238,7,0.3,4.0,50,opdiv_tanimoto0.7,optimal,1.918428749192458e-10,50,37,0.26,30,0.02420926420018077,40
CHEMBL238,7,0.3,6.0,50,opdiv_tanimoto0.7,optimal,1.7537515883958577e-10,50,27,0.46,27,0.01726683904416859,39
CHEMBL238,8,0.2,4.0,50,opdiv_tanimoto0.7,optimal,2.1405321959377943e-10,50,45,0.1,31,0.024316312978044152,44
CHEMBL238,8,0.2,6.0,50,opdiv_tanimoto0.7,optimal,2.2907120644788392e-10,50,30,0.4,28,0.027301010908558965,43
CHEMBL238,8,0.3,4.0,50,opdiv_tanimoto0.7,optimal,2.3325619213920845e-10,50,40,0.2,29,0.027533006854355335,41
CHEMBL238,8,0.3,6.0,50,opdiv_tanimoto0.7,optimal,2.132417575850809e-10,50,27,0.46,26,0.02110964385792613,39
CHEMBL238,9,0.2,4.0,50,opdiv_tanimoto0.7,optimal,2.3641344437663747e-10,50,32,0.36,26,0.02675684285350144,44
CHEMBL238,9,0.2,6.0,50,opdiv_tanimoto0.7,optimal,2.6006052866733853e-10,50,25,0.5,25,0.020169785944744945,42
CHEMBL238,9,0.3,4.0,50,opdiv_tanimoto0.7,optimal,2.3640289725790353e-10,50,36,0.28,30,0.026304859900847077,40
CHEMBL238,9,0.3,6.0,50,opdiv_tanimoto0.7,optimal,2.2167012669882524e-10,50,27,0.46,27,0.018733550095930696,38
CHEMBL239,0,0.2,4.0,50,opdiv_tanimoto0.7,optimal,2.177896751831554e-10,50,19,0.62,28,0.033073035068809986,29
CHEMBL239,0,0.2,6.0,50,opdiv_tanimoto0.7,optimal,2.174831426060564e-10,50,17,0.66,25,0.03538891999050975,29
CHEMBL239,0,0.3,4.0,50,opdiv_tanimoto0.7,optimal,2.4658441954983346e-10,50,11,0.78,20,0.04601838788948953,28
CHEMBL239,0,0.3,6.0,50,opdiv_tanimoto0.7,optimal,2.3155843908995166e-10,50,3,0.94,13,0.044695810880512,28
CHEMBL239,1,0.2,4.0,50,opdiv_tanimoto0.7,optimal,2.100195573007113e-10,50,12,0.76,20,0.040679147001355886,30
CHEMBL239,1,0.2,6.0,50,opdiv_tanimoto0.7,optimal,2.701273649208247e-10,50,10,0.8,17,0.03803863096982241,30
CHEMBL239,1,0.3,4.0,50,opdiv_tanimoto0.7,optimal,1.892275225401363e-10,50,14,0.72,23,0.03906949399970472,29
CHEMBL239,1,0.3,6.0,50,opdiv_tanimoto0.7,optimal,1.9905332937497633e-10,50,8,0.84,18,0.038290455006062984,29
CHEMBL239,2,0.2,4.0,50,opdiv_tanimoto0.7,optimal,2.1672619254786696e-10,50,14,0.72,21,0.04028708394616842,29
CHEMBL239,2,0.2,6.0,50,opdiv_tanimoto0.7,optimal,2.4594171144087795e-10,50,9,0.82,16,0.03692823904566467,29
CHEMBL239,2,0.3,4.0,50,opdiv_tanimoto0.7,optimal,2.438211854638439e-10,50,11,0.78,21,0.04973736801184714,28
CHEMBL239,2,0.3,6.0,50,opdiv_tanimoto0.7,optimal,2.3428070594633255e-10,50,3,0.94,13,0.04560551303438842,28
CHEMBL239,3,0.2,4.0,50,opdiv_tanimoto0.7,optimal,1.974460595022265e-10,50,11,0.78,19,0.04498028405942023,30
CHEMBL239,3,0.2,6.0,50,opdiv_tanimoto0.7,optimal,1.935545057563104e-10,50,3,0.94,10,0.03999573108740151,30
CHEMBL239,3,0.3,4.0,50,opdiv_tanimoto0.7,optimal,2.186684167071462e-10,50,14,0.72,25,0.03319709002971649,27
CHEMBL239,3,0.3,6.0,50,opdiv_tanimoto0.7,optimal,2.2030055557564765e-10,50,7,0.86,17,0.037238349905237556,27
CHEMBL239,4,0.2,4.0,50,opdiv_tanimoto0.7,optimal,1.9040913290524486e-10,50,17,0.66,22,0.03907354921102524,30
CHEMBL239,4,0.2,6.0,50,opdiv_tanimoto0.7,optimal,1.8283896618953577e-10,50,10,0.8,18,0.035240849014371634,30
CHEMBL239,4,0.3,4.0,50,opdiv_tanimoto0.7,optimal,1.9945822771205712e-10,50,9,0.82,18,0.04802916804328561,29
CHEMBL239,4,0.3,6.0,50,opdiv_tanimoto0.7,optimal,2.353219841211285e-10,50,2,0.96,12,0.04194362787529826,29
CHEMBL239,5,0.2,4.0,50,opdiv_tanimoto0.7,optimal,2.0789603372151078e-10,50,13,0.74,21,0.04180903802625835,30
CHEMBL239,5,0.2,6.0,50,opdiv_tanimoto0.7,optimal,1.826715445574223e-10,50,10,0.8,18,0.04080702713690698,30
CHEMBL239,5,0.3,4.0,50,opdiv_tanimoto0.7,optimal,2.1643720149455703e-10,50,15,0.7,23,0.04628822882659733,30
CHEMBL239,5,0.3,6.0,50,opdiv_tanimoto0.7,optimal,2.6143831544089835e-10,50,5,0.9,15,0.04428691300563514,30
CHEMBL239,6,0.2,4.0,50,opdiv_tanimoto0.7,optimal,2.0468537975659729e-10,50,21,0.58,29,0.0293110019993037,30
CHEMBL239,6,0.2,6.0,50,opdiv_tanimoto0.7,optimal,1.9574908360908694e-10,50,17,0.66,24,0.031474640127271414,30
CHEMBL239,6,0.3,4.0,50,opdiv_tanimoto0.7,optimal,2.4187984948298435e-10,50,10,0.8,20,0.04562479304149747,30
CHEMBL239,6,0.3,6.0,50,opdiv_tanimoto0.7,optimal,2.5366408973326315e-10,50,3,0.94,13,0.04323558998294175,30
CHEMBL239,7,0.2,4.0,50,opdiv_tanimoto0.7,optimal,2.219987527141143e-10,50,17,0.66,25,0.03444263292476535,29
CHEMBL239,7,0.2,6.0,50,opdiv_tanimoto0.7,optimal,2.519721098437344e-10,50,15,0.7,22,0.03293918678537011,29
CHEMBL239,7,0.3,4.0,50,opdiv_tanimoto0.7,optimal,2.0275103818079288e-10,50,9,0.82,19,0.04518573102541268,28
CHEMBL239,7,0.3,6.0,50,opdiv_tanimoto0.7,optimal,1.9587520494468436e-10,50,2,0.96,12,0.049087333027273417,28
CHEMBL239,8,0.2,4.0,50,opdiv_tanimoto0.7,optimal,2.2908808183785823e-10,50,16,0.68,24,0.03670067107304931,30
CHEMBL239,8,0.2,6.0,50,opdiv_tanimoto0.7,optimal,2.614826133395809e-10,50,11,0.78,19,0.04305472178384662,30
CHEMBL239,8,0.3,4.0,50,opdiv_tanimoto0.7,optimal,2.162794388027578e-10,50,11,0.78,21,0.0443312400020659,28
CHEMBL239,8,0.3,6.0,50,opdiv_tanimoto0.7,optimal,2.5584012686152846e-10,50,3,0.94,13,0.03902176395058632,28
CHEMBL239,9,0.2,4.0,50,opdiv_tanimoto0.7,optimal,2.0082391305464853e-10,50,17,0.66,24,0.03184262593276799,30
CHEMBL239,9,0.2,6.0,50,opdiv_tanimoto0.7,optimal,2.1594548371695055e-10,50,12,0.76,20,0.03140408406034112,30
CHEMBL239,9,0.3,4.0,50,opdiv_tanimoto0.7,optimal,2.3616142375004756e-10,50,13,0.74,22,0.03890823503024876,30
CHEMBL239,9,0.3,6.0,50,opdiv_tanimoto0.7,optimal,2.567086543336927e-10,50,8,0.84,18,0.0455645639449358,30
